$ANSIBLE_VAULT;1.1;AES256
32653934363336366166333630376366316530643735636664646537346639303931623031343932
3532663536316530613962313565323236316161623334640a656232373533653364366363303831
34343564373539353964333430666535326262373635306536643361316362383566666539623434
3262623533613136370a373033363139373864343063646133336131613439343965636464333333
36393031623061393232343261373830353963303762303262616264353539626662343932613864
32353834396432356336353735376261313461333964363562303266666661326532653033303562
65646265306332333234323863653663353637653961333061316337343662363030313831303266
32653163643565363364636133306536373833316234396263353763336264343435636566333739
63393962653030653530356635323166373839623533653563313036643462363465366662383030
37633435393064616137633264393464623365393838623166633563363236373534343733343534
336166623462343161613236316635633532
