$ANSIBLE_VAULT;1.1;AES256
32303635366466333263376238666533383063396533633935393562616533636334313231363437
6139306634656234303431316266633235383134646538320a383963383961663562626530623962
64393862633439386232306461643261303635396461613736613534613331303630643034346232
3435616230643233620a653864633263393964333033656134626465323235616665663264656630
62633265636564363465306165666562303364393563623962353166333564323030303433366561
38386333323639613034653230366131306161616664363631376366396462356465383131633764
66393730613035313361646433363935313262666532653238383237613532376162336133306130
31316664623439636566623839626339343366356135613263373137653863323234623463626635
30666631313065353966306439336436343165623334646364303865336165663738363132313238
63333765313432373030323631393066636332316635376536383439336331613565656139393837
62313430373833383266353763303036313833346335653332666632336461623165326630316337
30356437663239326538393135633034626233386533346364313161643939616433613237636433
63646263346261366632313365623966373030373335323866373061373034623135636338326632
39613033393232353664313838366530346261623335336330323466366131323136613764333766
65313966636230643162343466366530366633636165383461633232393632343062393135643862
39623961333962623237343731306536663432326238383837646464376364663565653734643262
66616461353265346262356332356365656266313733653864343530306432376236653434373137
32613266663461363265323865303331326235343832393730303730636638333533326636666361
37376535666237373366356464356636333030373539373061343135303938663738623630633237
66353562663233393535323239636137396331323861383863636564643163613563363663343261
65313365386636346435613030373263363337316365316638623062656461613832313438376331
64633731396335343633356231623534373236306463353234643764386463626531656461383665
38346263363634383465383337663862356563363965303736623634643330376232356134623833
36326630366362653532333632396531653534376134613264363333303931616336656362666138
38383464383063313661623935613038396130386536666466383437643939396334303432646634
63623933306530313964363461333362626265383430323362623366353163373562363365643333
38663834323131663031396265653432366262333936623331623836616365303332323962646539
39316232623831383163626530343762653033343165333563623763323737383963663138636661
38396638656266336165306438323135643766376365373664386437623063376330386638303937
36333261323930623433636631646330633366663130326661653530653539633265623838623737
39663736613865633965383165373864633034626461646162623162333265626135633136333837
32383937613739663164316663623365313432306361653264663139613733316138393230333533
33633536626437623735623863646139626663623162356536343035626661613865386633643930
62356335396164643433366165656434326533376231306363383537636464303834656130316664
61333962363733333861653431653836646433653133333830646136616131633564333431656536
38313635393564333133336263666463376635336161353165323735333162656436306535343732
31393534623733643861633434383263623035333565616332636531306166393237336339313663
36643061353337633430346533663937613066333334663638323237393166626164656130643862
32616438343766313336353261366138643437316137656163343836393834333263343764363135
65323837653631613232653362663830346532386531383639643961316463336462326639633364
63366430613362353839313563386435386462353566353365383862353534626434383436316438
62313436323738323037396431376134666134383333623663326462316637643062653336313336
64656263366537323734393738306635646335306362373334623164333739633630663634393464
35666131663035336332343733333137333365363862666565623939333466306230393363633233
63613731396133336436663930666634646530636535363035303763613739303239333035636637
32313937323035363766303665613032323631616234333336363566333061376263323363653462
39303463663537353835316134616332303263363261383164343531363363626533623933346232
37656333356130343663366537633966326565363230663662376561336530363738306239386161
63643531643731323738396437343164306161616364303863663763343531666638396561333735
30626665343365323265313661343032376463366637306337633765343038663439636564633631
32633538656265653663373334323339373235663961343364326363383738656263663366353064
32363262353339343039343739316363353763356633353338306234623137393134653636356236
32613466663663343434616433646565313637356635376138366135326666356435616537626336
65623439376666626130323566666336306339363335386664326434363835383335333038336362
63373930383535386431636266653337353836666433653962366631363035326332303038326465
63373361663430323566663933323832326339396239396539643136656530613032343263623165
39663536383331373639633762363361393732616666653232343134353338386437336236653733
33613931626437323363616166306666623331623836306566643537336636653066343531386361
63613765373865346364323165333737343133343332616139343234633636373462646463376138
62643433623764306431623263373861373064313662373366303662626135663164636162343730
37376236383661633964373063353530303666373164393165393938656332326138303862303439
39343039643035653834323664353865663432393063393630613632626432386536646537613765
37366639396661353932613039393934353834316131376437343564303430383334343437363236
37373637393432623231396437666230663963353833613366653461303366323862376366376233
64303463393232663139356539653239376433656366313333636236653237316366636630363631
34326164333039366662666262376335653761363464323636383266343864643566636264353538
30656264356635363731343463666333383734386136306462303836356238393434363065636331
38346230306532626265393763313432306639616639373534623639666661373563393737353639
65333066313439636531356133316232666539393566613233373265373331376266353132386631
36386161633266646639393035613136313962396463623932356565633738356666353062633936
31363837323639656538316536383763633231656462626233333162613061373665653035353437
39666631646365376264626437393065306439323230613866663964353832343665663630373032
65343665623236363434633932396234346335376333393162636530323534643338613638663233
66396230366432623634376437653031366263623537303839333237343132623264356434353166
66356666343432333838393032393765336238303038653635343238363238346531343036656361
66366464663361623439343135303465336636623336323662643433373236393538313939666638
63616562396163613635383435363736623962326261313332326163643931393966666661613332
65623035313061616164366235363562623635646161363864626631663962653665323130383237
34663633373135336235313564303836613765373439643963383262656239653139316362643538
35353838366631346165316265386265333239366632356432326634323563643133343338613537
63633164356464383234663866313832306232316639646231643630666138656465663938613866
64306136613461356664386330323066386439383133303961633830666262613236636464363535
30336263343730386461613032666335663665363164323634376237323664616137313232306338
32336164316538303630626439363233343233333737653231346235636134363363356663663430
33323837343233303336343966353164383263623735386233306538326364623231313235623462
38643830613039636336333937373132343462636365333630323833663835393761656233633062
37653364373663623034303436396132366561663635326365366238636334333932396433653561
30356338326333333764623264353531656238303262626464613933343064623432363439613935
61376464653935643738633130323039383037613835393964336632326232656238393266353631
66346661626437643731373565323762363633666535303463326230386666633265376637353166
33623361663432316339356566636139383937393034326135333735653566356436366461633930
31306330373432346261633239356435383434333731323961653564353732363931336538326533
65326130616161303466363964376263306561323436386164393763383032663464326231356237
38653832653532366436356232306263343233666437333139396566376637366562626432613939
65316166623538663262626463336666393737353465646231363535356432343232633861646433
64306431633930313263643133353839303235666330636563643432343838363264373161343835
35306531366331383261313533646431323036616635633035666336373537636236623234366230
32306333663833643035346438646666613962386534356561613064623763323464616637623137
32323431653039353937393632373030363232663263316232393065383838376233326339386337
35376335336264313432386464633733396635393131313730646532366233616339306532363735
32356333356631333634663136623332303030333665393832316337353434323231643637656665
31353832363562343737313330396534633538353366643833353962393365616133343134323337
34633532613961343734646165623934623031366338616361316464353763303535626132666366
34376132386335376430396536303062633665616638313362303033643362643661363238663764
34643563646436613762336233303934656130626232663933353937316637333638663161383063
61653431393838633637663035326533626563333230343039646136393638623033333930626139
36353531663233363564613830306236383135383234336662386531376564613839363630393730
63363461326235323636643230343830383664326139373631303137336161313664313262626666
61366536643439663862653134663338383033396163356463393731333433653965656239663033
30346662646461666661626266343438633231303862376539323261383131326131386462306130
31663633653762393465626331613539383634643837326663633339363833393538633636313566
66613961346131333930643735643430303462303636383066323633636663333337383765336634
64313137366466313638613761366637393933313530373839363731376662626666393836383066
32393734643333393033353837613236383435653630666230336537356633356431373032643832
37303263333332303536366338643238303237376561343865653364656338333765613531343862
65356363326166666336306431616237343734663063343531326430663463313839316132303632
61313432353063346631386231396333383465373834373034326361333931313838323732343733
64303464303364613663643963636438313635373365646662393137336434663061373632663164
64363531383964663662663463383664383464656430663037656138643632363166326333396632
35303864383462383638353638663439393462656236373862653364626134613835323039316330
37613664343731323534396434616462656164323433356239653838306131326264323761646534
33303530666639386532616566333266346264303737663035366262336134393434633732343163
37376264613536333630303133393237653632353036303765636434633065633535633163633465
39623638373165386336373032633465623566303138366532626230333963363366636563316633
39393732303434363331653831326264616464666535346364386430366138376539613435613234
38663862383039623033333735346566356263666164363336653130323766393263373632373066
63356262353239356133303433613734656165383466313730613663393931663033376263303463
63346436363331633564653564373437363035316532316563623031313263313365323765653136
31396465623434303062663938393866613364323836313837626431666334303137326439313335
61323062633732643836313939396431646230646461373133636164333864643263376632366264
31303531653735613836353933353030663431393161366163653764376631663164396638303331
66363563633437643935623138373964333264313332343066643637383065383731636163326164
32613735383364666135666364383665383337386335323563643063353533356463646133633763
64353566373763666535623239363835663362383833363937353239626365306336346536303835
36636133303735303865383333653965363730626361393037333338376631643335346463303831
32333437623963663466656264386631663137343162663036386163616438626362356230383762
36613363656136643034646331313463626238363039616261306565333766623164623538323163
38393163393939306432333362646335636538346364303538613563366534643964313538323161
34643362393830643330656436366365623938316136643936643064636538303463343563383361
61386136626165633833366664656537303332356235623566376330626232663363666236313831
30656461353938626263643362643331623061306339646132613934316265373338663632633033
64623432336535373430663737656233643832373164316435376439333635323935663563383738
66323237393438303136346530653830636362663761343334396163333161643839626265336335
39303032663136653763366331386332623231316266623632346130656364646632393964613533
63643664383461646461633439666130646330346331633234373231623065373638313137653262
39346234353963326265626139633635643330343266356330653833616565653335366331326166
64643461613961323936316536343434363837613962353537386564383331623063316334316661
63333738643563363663643661383930353665303335663234613138373936626636363764333265
32613839666133623738373732313735393039396166666130353536363764356666376532353937
65313763393831633937646130303734356430396438653663303631393761386133666533626137
32643266643363393962376337626361613437643761373937613134353431363034316339663538
31613238633132653664396363306535616238336538393665623035316433346639323262313535
35653364623539663463643966663363666462346133383432626166373537616365613163646631
39653638313462376361653431393532633031303931383737663535303934643030306231666533
66333638306238363635343165386137663535633831626233336564306339653562343138653965
62333264643234623165346532613231616631333233313039643830396465393337666230383934
66306363653165393033316231633263316634303439383064643438356536613339643865353433
38323565316130323931633664643434323135316366326436616634343938356665346436633934
39373266396261613835373266366132396538663035353436393134363337623730326532346538
39373535626131653266643835373635623664383037356363656335346535656362663866396538
62353965323132663630353062336161363461613265393634653734623066616631666466306131
30643765306533336637343037313761663132313436393563316464376238323235623763633238
33636532643030333866323338306265333662326665656539393238663534373066326264346531
62353261326663613433373538383030393539616262383130393366613333666561323438303030
66303362643266373537363461323836356530626134323563396566383136643738373631373533
3962303064363262313432376265393238653937363436313439
